0.22237943
0.14622355
0.7378285
0.5090371
0.24531767
0.18999279
0.68842846
0.13859421
0.02934872
0.0024457239
0.9092176
0.1815598
0.06783079
0.09528768
0.339605
0.4102001
0.5127688
0.54612124
0.03350364
0.0011849192
0.18047024
0.2247984
0.9324391
0.069930896
0.95946914
0.05288231
0.08943169
0.46720737
0.05288231
0.86114705
0.74007475
0.06858257
0.23290475
0.09217819
0.22588657
0.2836916
0.43843958
0.9418128
0.00552389
0.2013004
0.33438364
0.31063256
0.2208594
0.17209189
0.9825278
0.98765093
0.23531128
0.52302754
0.05288231
0.9882933
0.2247984
0.04119905
0.23063096
0.0020718193
0.39215913
0.4737659
0.4815414
0.04244887
0.112214625
0.10229771
0.5399477
0.16582513
0.35267028
0.1392493
0.16582513
0.3481159
0.2881471
0.23063096
0.76948017
0.22837393
0.4312604
0.062815435
0.04119905
0.89010596
0.9207987
0.015021018
0.069872044
0.86086965
0.37125483
0.35557383
0.18620062
0.35443616
0.2589972
0.13943636
0.5435254
0.042011667
0.54360706
0.2247984
0.10588294
0.0011849192
0.2589972
0.0011849192
0.1408061
0.2908378
0.5907038
0.13859421
0.5694552
0.04119905
0.34952298
0.16700415
0.62568206
0.28477165
0.03227259
0.5435254
0.30284238
0.3757201
0.23500228
0.85017663
0.14542001
0.042011667
0.31044248
0.18155076
0.17202725
0.27784514
0.026443504
0.23459478
0.3757201
0.5641766
0.110058635
0.2208594
0.66764116
0.042011667
0.4312604
0.30189034
0.029750496
0.019789422
0.9008506
0.29918078
0.5609246
0.029379899
0.08450576
0.4758064
0.50465244
0.7403851
0.23581702
0.5271319
0.29187083
0.46824664
0.15418309
0.08548259
0.61207205
0.0071862517
0.64038944
0.2247984
0.9635841
0.88834566
0.2247984
0.14305189
0.36441258
0.37923643
0.86754566
0.14219217
0.37278223
0.37500933
0.16342427
0.04486768
0.09507334
0.40089262
0.019581478
0.48997983
0.4398974
0.21756624
0.032796744
0.12077546
0.4787008
0.95959896
0.7747943
0.16310178
0.06108385
0.8888368
0.46270278
0.5793083
0.18312065
0.8120065
0.25435463
0.9182825
0.44058928
0.28053108
0.13786891
0.3632521
0.060465805
0.67107314
0.5281592
0.9326783
0.29730535
0.0076078954
0.96694636
0.14067483
0.6016174
0.026484376
0.029263705
0.07103702
0.14955293
0.8174116
0.5559338
0.0076078954
0.21274911
0.34349057
0.19055714
0.37108487
0.37715757
0.88834566
0.58893
0.4118097
0.83002347
0.76552314
0.9666823
0.26133013
0.984192
0.13151394
0.80326456
0.07498186
0.4989703
0.5216697
0.6434918
0.17228238
0.42644197
0.2727074
0.0034419468
0.057310164
0.02649203
0.99626714
0.100657634
0.97865546
0.794686
0.1473528
0.0045802603
0.120319776
0.13737424
0.87926507
0.28092945
0.7403851
0.991743
0.03711637
0.48997983
0.41597515
0.019789422
0.41078123
0.42092478
0.4908906
0.3840527
0.2247984
0.13130255
0.029263705
0.6709611
0.02649203
0.029750496
0.05976508
0.15873905
0.048563004
0.50465244
0.56077415
0.13843492
0.36857623
0.028832039
0.25374958
0.9828941
0.026860278
0.7267244
0.03464962
0.38136548
0.16342427
0.03297877
0.9174977
0.94761187
0.03348138
0.52431315
0.21941575
0.9670623
0.18584019
0.5385851
0.028714234
0.20905447
0.6709037
0.25688043
0.48997983
0.20862958
0.8717944
0.36577472
0.20802684
0.94980335
0.32012987
0.06662814
0.70366234
0.3839068
0.8820402
0.9704129
0.5769616
0.1024784
0.2183436
0.670877
0.5441442
0.31483895
0.204965
0.001424966
0.6998057
0.032168068
0.74850166
0.48997983
0.15115578
0.5978354
0.21005921
0.8708846
0.36297217
0.3578079
0.7213516
0.40704143
0.7325915
0.10039741
0.16428985
0.41419488
0.24310201
0.12077546
0.2566128
0.12422479
0.8245066
0.6332336
0.31062156
0.43223435
0.6267737
0.5625285
0.13370048
0.19078062
0.08645643
0.74850166
0.46124077
0.055939782
0.027047215
0.8797472
0.73694104
0.4787008
0.2019364
0.057934478
0.87891436
0.6709611
0.23581702
0.18694475
0.2247984
0.38839388
0.06425227
0.9141157
0.057404686
0.81113255
0.20862958
0.32012987
0.23371018
0.015574924
0.681251
0.43223435
0.57068884
0.51019454
0.7504337
0.709041
0.5047279
0.8639757
0.48997983
0.09989582
0.15887155
0.30683392
0.8788252
0.2294168
0.047665615
0.2957983
0.056822132
0.5956407
0.97241294
0.57727486
0.51884854
0.012562143
0.94565225
0.8873469
0.21540968
0.4598283
0.7553451
0.7403851
0.40621907
0.17357165
0.88560313
0.27655295
0.8941516
0.24707855
0.764645
0.579611
0.017709943
0.5340174
0.3592487
0.53601885
0.948092
0.38136548
0.94983196
0.3196246
0.25688043
0.11765906
0.5222895
0.5956407
0.12917352
0.2978036
0.3272775
0.025725862
0.24517122
0.4362544
0.020756468
0.9647338
0.21005921
0.16954139
0.138275
0.84886485
0.55127734
0.025128586
0.7325915
0.3950436
0.36638013
0.24334762
0.3409342
0.4989703
0.36230576
0.28530145
0.040773556
0.2294168
0.098607555
0.0045802603
0.026860278
0.40431714
0.28092945
0.63847786
0.07954839
0.39237612
0.6016174
0.2507783
0.5323921
0.0023280424
0.32035094
0.4547842
0.27512774
0.35642233
0.35572723
0.21020044
0.2738646
0.91512114
0.18952115
0.87964964
0.9943263
0.89175355
0.41597515
0.1713348
0.047665615
0.57397634
0.89175355
0.7316215
0.87630796
0.3435944
0.4455302
0.27933097
0.37142408
0.0027046145
0.12077546
0.036562618
0.5793083
0.3602686
0.92910236
0.10670477
0.12668304
0.8639757
0.27827656
0.17809361
0.1874878
0.38329375
0.9141157
0.5441442
0.38136548
0.43979946
0.4229723
0.40838537
0.964732
0.30814436
0.5311234
0.32751936
0.24466522
0.48997983
0.1770092
0.07220745
0.3950436
0.82478565
0.06938945
0.2928214
0.04397174
0.6993853
0.28053108
0.43223435
0.74495935
0.93451214
0.121652246
0.19391474
0.38819325
0.42644197
0.51884854
0.07258257
0.03587998
0.5275127
0.070552126
0.23158363
0.42163026
0.12561816
0.24423735
0.12822397
0.690097
0.8510548
0.39278737
0.35737377
0.036562618
0.48387024
0.029750496
0.1625772
0.12748046
0.35456204
0.061102893
0.90691614
0.788163
0.23847197
0.090664186
0.794686
0.48997983
0.15267485
0.8639757
0.7403851
0.25269577
0.46106964
0.6887601
0.2036004
0.052096438
0.6016174
0.019789422
0.38336936
0.5978354
0.6500758
0.06941172
0.52821225
0.06941172
0.027404867
0.64536804
0.45732918
0.74521405
0.99444973
0.012107907
0.39124697
0.08900393
0.56984353
0.97241294
0.3478466
0.29187083
0.24108417
0.1693499
0.13592777
0.21765186
0.16867067
0.017155172
0.16960177
0.76974404
0.28053108
0.085390575
0.43992567
0.30529574
0.3950436
0.12077546
0.70895106
0.5184842
0.26180485
0.2837121
0.11220675
0.36749718
0.018306898
0.2241088
0.8864923
0.96959734
0.59373814
0.28530145
0.059072625
0.13907869
0.7500499
0.01465634
0.121510774
0.20862958
0.3816781
0.2247984
0.45533758
0.018306898
0.47775242
0.13130255
0.6599184
0.89823514
0.13885213
0.98950773
0.27252686
0.35676947
0.07067066
0.8749317
0.62133336
0.27058783
0.39940253
0.6709611
0.4720984
0.42163026
0.07876758
0.038681652
0.8467365
0.011791937
0.05976508
0.16715434
0.11078506
0.03587998
0.58658755
0.26185057
0.2387798
0.15197758
0.029769374
0.582197
0.36279196
0.528013
0.11138192
0.29854372
0.14066976
0.52192557
0.31974092
0.026642513
0.4018529
0.4547842
0.5019905
0.18609367
0.112451725
0.0012666555
0.74384
0.40621907
0.91903883
0.004792976
0.20862958
0.4812577
0.30683392
0.98950773
0.51867014
0.6927315
0.072587915
0.2251713
0.026542109
0.27080548
0.4342661
0.03870338
0.39124697
0.121510774
0.77690566
0.15775122
0.35310608
0.12969734
0.016822848
0.03348138
0.6016174
0.70366234
0.7514973
0.047026176
0.19391474
0.62471884
0.39633542
0.3453786
0.46434718
0.97862476
0.051270705
0.2183436
0.18309152
0.26543713
0.19450642
0.29086933
0.61458486
0.32550344
0.19365437
0.8259115
0.4989703
0.08780144
0.35711825
0.025190348
0.3173109
0.90225804
0.49948162
0.34272823
0.2105695
0.9798915
0.22475731
0.20983313
0.5289633
0.48997983
0.7818761
0.65310264
0.4989703
0.85660285
0.43979946
0.43223435
0.31383187
0.71474487
0.45516023
0.43223435
0.23923093
0.08151879
0.27324697
0.3584186
0.2434322
0.78614867
0.37977082
0.9521259
0.18009688
0.16763675
0.948092
0.60891193
0.30212328
0.8911836
0.4967173
0.16905949
0.4547842
0.12077546
0.78200793
0.70871514
0.94761187
0.7753466
0.9798915
0.28530145
0.70366234
0.112827554
0.2247984
0.025725862
0.35598394
0.19214208
0.74495935
0.22691454
0.24421111
0.13786891
0.53123856
0.019373873
0.27905864
0.3272775
0.48997983
0.4626723
0.60162723
0.67721146
0.2509554
0.38313204
0.7371283
0.4018529
0.48997983
0.6016174
0.9828941
0.66927856
0.07043506
0.21948716
0.21414773
0.4901058
0.02382976
0.010414219
0.0011035727
0.5471678
0.003202978
0.58893
0.03348138
0.9846527
0.104608044
0.43223435
0.21005921
0.79613686
0.59488535
0.8119752
0.9822856
0.12319294
0.2036004
0.19592659
0.10967979
0.733554
0.4686038
0.51659745
0.90725356
0.0899731
0.4197071
0.079342395
0.011943428
0.032964
0.23290475
0.4838992
0.108471595
0.912853
0.26970318
0.49020633
0.54959923
0.28548715
0.4910752
0.062815435
0.037243497
0.2247984
0.9067011
0.06240218
0.23574719
0.13943636
0.20885386
0.17828387
0.57235515
0.24418734
0.94806004
0.018988924
0.06895073
0.18174507
0.42687255
0.17677723
0.2927849
0.23290475
0.015960755
0.14219217
0.6705491
0.055749573
0.5823432
0.0034912904
0.0079732
0.1015483
0.0011849192
0.075248204
0.5414063
0.7888901
0.20403422
0.1596094
0.95091856
0.74538136
0.94682723
0.9085328
0.029263705
0.10639757
0.18164979
0.11148107
0.7048259
0.2376917
0.23063096
0.09321149
0.47242928
0.2247984
0.41597515
0.47650364
0.97422713
0.49386665
0.08548259
0.324601
0.72181314
0.6968019
0.56165755
0.58238834
0.5141696
0.9073503
0.30284238
0.51932687
0.21018136
0.6088875
0.015960755
0.4312604
0.35031724
0.12822397
0.7353715
0.15985805
0.2852666
0.4686038
0.71474487
0.20478666
0.042011667
0.0027172056
0.79459167
0.15371232
0.9073503
0.36279196
0.26613092
0.4686038
0.038714495
0.43979946
0.18336362
0.13403532
0.17417865
0.7784166
0.053013124
0.66786015
0.6780731
0.9478139
0.314276
0.62568206
0.21029614
0.7195814
0.17677723
0.2247984
0.18361242
0.0024457239
0.18155076
0.13856436
0.00081696775
0.90725356
0.16695502
0.10595799
0.8141787
0.12815894
0.52302754
0.077146515
0.7643037
0.868935
0.81251156
0.3293481
0.43848252
0.28548715
0.12319294
0.23290475
0.8697014
0.02271344
0.97241294
0.053549364
0.5510625
0.48997983
0.5090371
0.1918376
0.32035094
0.20261496
0.48997983
0.12113167
0.0570053
0.02649203
0.8063906
0.077146515
0.8749317
0.89175355
0.019373873
0.10231231
0.025725862
0.25537723
0.94294196
0.28628036
0.8749317
0.019892285
0.74538136
0.52704394
0.65811133
0.26970318
0.7213516
0.7250629
0.15114023
0.8589194
0.9812599
0.42561316
0.4989703
0.14305189
0.9161817
0.13130255
0.015960755
0.19432677
0.1663104
0.03766608
0.034764815
0.23290475
0.0011849192
0.2434322
0.45533758
0.90847516
0.70925987
0.51927876
0.5047279
0.9927368
0.0534497
0.23500228
0.4312604
0.14176318
0.3050064
0.6171845
0.03348138
0.016679112
0.12568668
0.36224788
0.30423746
0.17422438
0.4663192
0.36373177
0.17014852
0.08548259
0.90847516
0.66581476
0.16428985
0.841488
0.42836434
0.0109694
0.6016174
0.036849964
0.7549261
0.9073503
0.17073637
0.03348138
0.109924816
0.13997695
0.025725862
0.8678101
0.105882615
0.06757285
0.5872371
0.23290475
0.5454176
0.6772635
0.18226366
0.4346387
0.020756468
0.25041363
0.23290475
0.59738475
0.80199057
0.2247984
0.8172424
0.0027046145
0.31369174
0.23892935
0.03931387
0.26575974
0.23290475
0.014350365
0.13224205
0.1882248
0.29212746
0.20953646
0.5630986
0.47192082
0.13374247
0.13977984
0.13130255
0.12803583
0.05976508
0.14381269
0.79590404
0.08872448
0.5414063
0.25164512
0.964732
0.044616167
0.033707473
0.0074864286
0.047385648
0.46117616
0.3950436
0.28683364
0.121510774
0.23290475
0.30284238
0.35557383
0.29293028
0.2981867
0.36749718
0.37125483
0.2878016
0.042011667
0.2847417
0.9828941
0.623943
0.10916612
0.069872044
0.86086965
0.9910615
0.16542159
0.6426848
0.40168226
0.19219328
0.18423387
0.51884854
0.077146515
0.3607436
0.063396044
0.23290475
0.38604835
0.11148107
0.45029816
0.2376917
0.7171704
0.27971172
0.40390205
0.089495316
0.049656127
0.49770868
0.23202065
0.11982677
0.1644337
0.5940971
0.13184477
0.04119905
0.21274911
0.22330609
0.2247984
0.20202272
0.8595789
0.5347557
0.32210582
0.6081979
0.9374579
0.13943636
0.0020718193
0.5934749
0.7008768
0.27879584
0.7234853
0.45545277
0.09094708
0.13015178
0.79547083
0.13943636
0.42161703
0.042011667
0.7557341
0.4822754
0.9356042
0.10355156
0.2247984
0.5141696
0.15649033
0.12077546
0.19308041
0.44603574
0.23514618
0.08548259
0.022958407
0.88549656
0.12077546
0.64941496
0.21005921
0.018306898
0.794686
0.8238551
0.37930048
0.25872037
0.7403851
0.37426504
0.20885386
0.93695474
0.72716564
0.4312604
0.16001004
0.9497405
0.16666687
0.09087516
0.22237943
0.7447918
0.7153991
0.06972998
0.5126949
0.3617499
0.27971172
0.5127688
0.3831786
0.27200672
0.30284238
0.2837121
0.61563385
0.9014292
0.3607436
0.9166978
0.8639757
0.96513057
0.99465936
0.069872044
0.01195342
0.24517122
0.19068861
0.9745018
0.19068861
0.2059161
0.62568206
0.5978354
0.037917573
0.94034666
0.6221314
0.09321149
0.57162493
0.2711088
0.4815414
0.13445501
0.6749426
0.12815894
0.18047024
0.009433794
0.23892935
0.17073637
0.1392493
0.4815414
0.03570146
0.16101477
0.30284238
0.02934872
0.19038126
0.36309758
0.4815414
0.15555443
0.53002155
0.991895
0.2376917
0.12917352
0.04295626
0.65471816
0.66808367
0.18866375
0.23290475
0.19823673
0.82478565
0.46264532
0.17738277
0.07079795
0.40678683
0.8584638
0.26090384
0.48459002
0.21005921
0.15649033
0.31116727
0.09819886
0.0034938827
0.67379606
0.20235081
0.6056193
0.23591423
0.7072788
0.14028522
0.3757201
0.015960755
0.43843958
0.042011667
0.16001004
0.5239465
0.23983312
0.077146515
0.7714755
0.3835567
0.6662886
0.23290475
0.68567723
0.43223435
0.59768975
0.16210365
0.23290475
0.0079732
0.24463794
0.4910752
0.0477726
0.23618872
0.12319294
0.39215913
0.8228473
0.7316215
0.118681334
0.029263705
0.6732857
0.20084609
0.9926877
0.96694636
0.03194738
0.11699839
0.06445312
0.16530809
0.32196283
0.5978354
0.011943428
0.9606454
0.07136449
0.31369174
0.17185223
0.35443616
0.38463432
0.16001004
0.794686
0.1490018
0.4663192
0.89928716
0.0011849192
0.1510109
0.48927802
0.005311654
0.26539013
0.303859
0.08780144
0.20013604
0.5978354
0.0485505
0.03931296
0.5435254
0.36279196
0.31804216
0.06333266
0.41910866
0.6906155
0.7643037
0.0011849192
0.4229723
0.3272775
0.13015178
0.90453726
0.1924127
0.08305843
0.19316728
0.96117693
0.4635637
0.6503429
0.02886505
0.1203348
0.4908906
0.096466385
0.12822397
0.7549261
0.6420793
0.17548975
0.9207987
0.51884854
0.36118057
0.15486935
0.19265825
0.8133874
0.88259304
0.4478322
0.015960755
0.05161257
0.49458906
0.83578295
0.379937
0.45475718
0.033202194
0.6281438
0.2247984
0.20143394
0.9161379
0.52302754
0.29860616
0.110058635
0.09586464
0.093938015
0.79401344
0.76202005
0.5292143
0.21637817
0.37460443
0.98396087
0.17810336
0.5289633
0.48994642
0.0024457239
0.77360106
0.23290475
0.36441258
0.4312604
0.23290475
0.025725862
0.1392493
0.4312604
0.24614179
0.116765834
0.21987146
0.42351475
0.6579091
0.6965243
0.7887581
0.13859421
0.34997
0.086690865
0.035987515
0.33430502
0.5697672
0.16673121
0.19962314
0.0122348415
0.041208036
0.9910615
0.3367055
0.12291032
0.22501609
0.8163092
0.21866545
0.18155076
0.21637817
0.07847632
0.56395286
0.18032558
0.5193269
0.28683364
0.87905836
0.063714586
0.12077546
0.03239567
0.6578497
0.31207195
0.68296814
0.24997792
0.35231715
0.08061471
0.17185223
0.08708903
0.5141696
0.06858257
0.4353958
0.7897974
0.8156094
0.18155076
0.7738002
0.9847542
0.27784514