0.44457516
0.057874337
0.03795091
0.0075524254
0.68763006
0.69936097
0.06858257
0.042011667
0.3114073
0.0020533449
0.55543965
0.12957457
0.9825278
0.59741527
0.40690154
0.3908042
0.00081696775
0.13943636
0.07842808
0.339605
0.41388458
0.16628934
0.13814677
0.23500228
0.0011849192
0.2376917
0.40577385
0.18312979
0.40274936
0.57378983
0.79416984
0.057122562
0.1392493
0.20953646
0.28477165
0.2823304
0.52302754
0.79232454
0.30590242
0.76948017
0.79590404
0.17209189
0.28426462
0.04119905
0.9389578
0.4815414
0.22237943
0.17209189
0.25048453
0.97250396
0.9092176
0.38330898
0.093877226
0.26226813
0.4072355
0.2185695
0.00552389
0.2208594
0.9619574
0.5694552
0.16582513
0.2013004
0.1885255
0.28548715
0.9166978
0.4312604
0.9882933
0.08969558
0.2247984
0.31632018
0.024526644
0.3765511
0.15645573
0.52302754
0.18047024
0.2315269
0.407081
0.17209189
0.17246482
0.4312604
0.4815414
0.044300206
0.016116131
0.035964478
0.06783079
0.22607468
0.63961965
0.23730516
0.23500228
0.35557383
0.17185223
0.7887581
0.2376917
0.1392493
0.012718336
0.20235081
0.7591243
0.17211623
0.52302754
0.01845181
0.09321149
0.3481159
0.20885386
0.23581772
0.53301835
0.82709193
0.24968992
0.4686038
0.37125483
0.33747065
0.012718336
0.62539667
0.22480826
0.3127586
0.35557383
0.13943636
0.92946887
0.0011849192
0.4914691
0.00552389
0.86086965
0.6188306
0.1015483
0.5940971
0.042011667
0.022958407
0.01845181
0.38463432
0.0020533449
0.79225814
0.339605
0.4822754
0.23290475
0.446906
0.5843492
0.7725755
0.9078965
0.16582513
0.028295733
0.21474424
0.20252487
0.0022238968
0.031251997
0.7522759
0.02271344
0.5026958
0.0024457239
0.0011849192
0.9619504
0.56649446
0.13943636
0.44976717
0.43848252
0.23290475
0.17677723
0.12125826
0.09321149
0.83061427
0.41388458
0.057122562
0.22237943
0.2592221
0.5026958
0.6240706
0.5435254
0.35515425
0.12976715
0.3757201
0.523022
0.4123276
0.3025417
0.35093418
0.45792532
0.1442777
0.16582513
0.14992286
0.13943636
0.62568206
0.18155076
0.6676073
0.42494133
0.13943636
0.096466385
0.0011849192
0.87982416
0.53301835
0.18032558
0.09217819
0.22237943
0.4312604
0.0011849192
0.2376917
0.37125483
0.37270033
0.4914691
0.5878578
0.18251975
0.2247984
0.2376917
0.2247984
0.046252612
0.7195814
0.22237943
0.1015483
0.06754988
0.56122106
0.9078965
0.0011849192
0.4627545
0.1015483
0.59721106
0.3583359
0.59741527
0.28075475
0.30946502
0.48459002
0.7195814
0.43843958
0.3908042
0.5878578
0.9677109
0.90847516
0.23182686
0.5843492
0.041976888
0.7011859
0.22237943
0.4123276
0.53301835
0.08943169
0.5940971
0.023689782
0.46028036
0.13943636
0.00081696775
0.057122562
0.47842237
0.60238516
0.5829002
0.9677109
0.42687255
0.27833146
0.2376917
0.061264362
0.5141696
0.5940971
0.42950997
0.0011849192
0.0034072062
0.39215913
0.62568206
0.47775242
0.15124309
0.22237943
0.7897974
0.0903031
0.9929618
0.057122562
0.5223106
0.49373433
0.61160004
0.062815435
0.06858257
0.4815414
0.042011667
0.10905383
0.38625243
0.042011667
0.24968992
0.18621932
0.2013004
0.28548715
0.22237943
0.18155076
0.7591243
0.1015483
0.44976717
0.6532747
0.5141696
0.0137483645
0.06858257
0.86086965
0.4914691
0.88717896
0.86086965
0.1392493
0.3590357
0.1015483
0.20885386
0.13224205
0.022703884
0.30284238
0.15666138
0.2778652
0.057534814
0.5026958
0.16001004
0.093938015
0.4312604
0.3669888
0.10905383
0.0024457239
0.96143967
0.8137675
0.9671409
0.30284238
0.15205298
0.23236495
0.1392493
0.9825278
0.17677723
0.734421
0.6660723
0.10436121
0.00081696775
0.29991606
0.0024457239
0.31599846
0.079342395
0.22746864
0.28477165
0.18155076
0.32282218
0.0024457239
0.18155076
0.5878578
0.6511379
0.057122562
0.6579091
0.01845181
0.22237943
0.1442777
0.35139737
0.5940971
0.13943636
0.12815894
0.12487852
0.38330898
0.1392493
0.0072540087
0.50241065
0.09321149
0.3367055
0.30305043
0.11005821
0.12815894
0.5090371
0.0011849192
0.7195814
0.23290475
0.5435254
0.4816054
0.022958407
0.1364143
0.7480751
0.52302754
0.19217125
0.22237943
0.86086965
0.18032558
0.1015483
0.8038866
0.06858257
0.6579091
0.061264362
0.21349344
0.17677723
0.4914691
0.16001004
0.4914691
0.20885386
0.28477165
0.17209189
0.18155076
0.5878578
0.4737659
0.4815414
0.39215913
0.5989315
0.31503257
0.10436121
0.2247984
0.5641766
0.32517356
0.3757201
0.4312604
0.022958407
0.43667203
0.31274033
0.24751724
0.6906155
0.4312604
0.0024457239
0.061264362
0.15124309
0.86086965
0.1514445
0.7050855
0.024738403
0.13943636
0.06037304
0.9818865
0.1015483
0.6492474
0.2376917
0.13224205
0.08969558
0.069872044
0.042011667
0.6950295
0.18047024
0.7050855
0.86707884
0.9509301
0.8453532
0.10469579
0.5364482
0.62568206
0.24968992
0.0024457239
0.13859421
0.0072540087
0.18047024
0.5435254
0.98765093
0.8058313
0.059693325
0.30284238
0.003234653
0.03528222
0.2376917
0.33628386
0.13112488
0.24997792
0.039067063
0.013606325
0.32080784
0.20123279
0.3989221
0.018306898
0.25204155
0.20265836
0.9828941
0.24106187
0.17318968
0.812111
0.17502685
0.7420615
0.74850166
0.24271694
0.19592659
0.037628032
0.8697014
0.7976446
0.14719181
0.032168068
0.31143537
0.13396259
0.44164315
0.48997983
0.15486935
0.9863399
0.27217183
0.49245954
0.23554935
0.7325915
0.19840589
0.83942354
0.63548106
0.06333266
0.89175355
0.14644781
0.06284477
0.097028
0.29928818
0.15093464
0.7553451
0.039110094
0.42163026
0.9498964
0.07114106
0.100657634
0.8789568
0.2434322
0.49245954
0.8243979
0.13983999
0.08695011
0.2483306
0.31511572
0.040332034
0.7902217
0.54250544
0.038714495
0.2573019
0.45897785
0.0010962429
0.9639821
0.7211735
0.82951915
0.04440903
0.4215884
0.13733451
0.9570363
0.92117393
0.9273579
0.51884854
0.11138192
0.787431
0.8822321
0.051687956
0.35312676
0.35570085
0.45479175
0.43223435
0.97374314
0.23923093
0.70871514
0.48997983
0.10039741
0.27745613
0.3119609
0.2224654
0.07954839
0.0027046145
0.8076416
0.5980672
0.0023013295
0.2861065
0.36638013
0.5176144
0.31207195
0.121510774
0.3181657
0.3435944
0.12325645
0.7123232
0.04877508
0.83163965
0.9789594
0.36279196
0.46245214
0.56979394
0.03849126
0.42073524
0.871517
0.4597135
0.32053638
0.04800714
0.86309755
0.25530615
0.948092
0.029750496
0.06662814
0.46270278
0.4131911
0.1693499
0.9349373
0.56984353
0.47675577
0.4842159
0.3785911
0.3481699
0.17149724
0.4445094
0.015459539
0.03691761
0.40752035
0.35737377
0.6377416
0.62144816
0.47685653
0.8077005
0.28053108
0.19592659
0.76543903
0.12422479
0.19284232
0.72181314
0.012107907
0.12969734
0.043450277
0.7034799
0.037628032
0.29954803
0.4284719
0.018306898
0.04139923
0.049961295
0.2183436
0.6574155
0.37923643
0.39357153
0.3829683
0.9108786
0.37377673
0.89175355
0.74850166
0.18949746
0.28103885
0.6736778
0.24679083
0.15274404
0.9930559
0.794686
0.5956407
0.029750496
0.7727185
0.74276423
0.011716297
0.4215884
0.35014576
0.9144426
0.48997983
0.6816117
0.032168068
0.13015178
0.8639757
0.98950773
0.89175355
0.40323755
0.46144533
0.7123826
0.5084935
0.3987183
0.12822397
0.8088837
0.085390575
0.07067066
0.09354913
0.19945212
0.42593083
0.868935
0.07997576